version https://git-lfs.github.com/spec/v1
oid sha256:bbe8e5d97f7d97955d0a48960711fea169ec90836f18baa2e8abdc82b2f7065b
size 27146
